72694 SLE Salem Observations at 00Z 20 Jun 2018

-----------------------------------------------------------------------------
   PRES   HGHT   TEMP   DWPT   RELH   MIXR   DRCT   SKNT   THTA   THTE   THTV
    hPa     m      C      C      %    g/kg    deg   knot     K      K      K 
-----------------------------------------------------------------------------
 1007.0     61   30.6    8.6     25   7.01    345      7  303.1  324.5  304.4
 1002.0    110   29.4    9.4     29   7.44    349      8  302.4  324.9  303.7
 1000.0    129   29.2    9.2     29   7.35    350      8  302.4  324.6  303.7
  980.2    305   27.5    8.5     30   7.17    355      9  302.4  324.1  303.7
  946.7    610   24.6    7.4     33   6.85      0      7  302.4  323.2  303.7
  925.0    814   22.6    6.6     36   6.65    350      6  302.4  322.6  303.6
  914.4    914   21.7    5.7     35   6.33    345      7  302.5  321.8  303.7
  908.0    975   21.2    5.2     35   6.14    352      7  302.6  321.3  303.7
    :
    :
    :
   13.3  29602  -39.7  -76.7      1   0.08     66     18  802.1  803.1  802.2
   11.7  30480  -39.0  -76.4      1   0.10     90     30  834.6  835.8  834.6
   10.2  31394  -38.2  -76.2      1   0.12     80     19  869.7  871.2  869.8
   10.0  31557  -38.1  -76.1      1   0.12                876.2  877.8  876.2

Station information and sounding indices

                         Station identifier: SLE
                             Station number: 72694
                           Observation time: 180620/0000
                           Station latitude: 44.91
                          Station longitude: -123.00
                          Station elevation: 61.0
                            Showalter index: 6.44
    :
    :
    :
