   214.500000       1.00000107      -5632.66797      -4612.56641    
   214.684982       1.10430551      -5600.20508      -4612.56641    
   214.870468       1.20829427      -5567.74170      -4612.56641    
   215.056473       1.31196058      -5535.27881      -4612.56641    
   215.242996       1.41530204      -5502.81592      -4612.56641    
   215.430038       1.51831496      -5470.35303      -4612.56641    
   215.617599       1.62099719      -5437.88965      -4612.56641    
   215.805664       1.72334170      -5405.42676      -4612.56641    
   215.994263       1.82534647      -5372.96387      -4612.56641    
   216.183350       1.92700768      -5340.50098      -4612.56641    
   216.372971       2.02832150      -5308.03809      -4612.56641    
   216.563095       2.12928557      -5275.57471      -4612.56641    
   216.753738       2.22989321      -5243.11182      -4612.56641    
   216.944885       2.33014226      -5210.64893      -4612.56641    
   217.136566       2.43002844      -5178.18604      -4612.56641    
   217.328735       2.52955008      -5145.72266      -4612.56641    
   217.521423       2.62869978      -5113.25977      -4612.56641    
   217.714630       2.72747564      -5080.79688      -4612.56641    
   217.908340       2.82587361      -5048.33398      -4612.56641    
   218.102570       2.92389154      -5015.87061      -4612.56641    
   218.297302       3.02152252      -4983.40771      -4612.56641    
   218.492538       3.11876416      -4950.94482      -4612.56641    
   218.688293       3.21561289      -4918.48193      -4612.56641    
   218.884537       3.31206465      -4886.01904      -4612.56641    
   219.081314       3.40811706      -4853.55566      -4612.56641    
   219.278580       3.50376368      -4821.09277      -4612.56641    
   219.476349       3.59900165      -4788.62988      -4612.56641    
   219.674622       3.69382763      -4756.16699      -4612.56641    
   219.873413       3.78823900      -4723.70361      -4612.56641    
   220.072693       3.88222909      -4691.24072      -4612.56641    
   220.272476       3.97579551      -4658.77783      -4612.56641    
   220.472763       4.06893444      -4626.31494      -4612.56641    
   220.673538       4.16164255      -4593.85205      -4612.56641    
   220.874832       4.25391626      -4561.38867      -4612.56641    
   221.076614       4.34574986      -4528.92578      -4612.56641    
   221.278885       4.43714094      -4496.46289      -4612.56641    
   221.481659       4.52808523      -4464.00000      -4612.56641    
   221.684921       4.61858082      -4431.53662      -4612.56641    
   221.888687       4.70862055      -4399.07373      -4612.56641    
   222.092941       4.79820251      -4366.61084      -4612.56641    
   222.297684       4.88732290      -4334.14795      -4612.56641    
   222.502914       4.97597885      -4301.68457      -4612.56641    
   222.708633       5.06416416      -4269.22168      -4612.56641    
   222.914825       5.15187645      -4236.75879      -4612.56641    
   223.121521       5.23911238      -4204.29590      -4612.56641    
   223.328690       5.32586718      -4171.83301      -4612.56641    
   223.536346       5.41213894      -4139.36963      -4612.56641    
   223.744476       5.49792099      -4106.90674      -4612.56641    
   223.953094       5.58321190      -4074.44385      -4612.56641    
   224.162186       5.66800737      -4041.98071      -4612.56641    
   224.371750       5.75230265      -4009.51782      -4612.56641    
   224.581787       5.83609581      -3977.05469      -4612.56641    
   224.792313       5.91938162      -3944.59180      -4612.56641    
   225.003281       6.00215721      -3912.12891      -4612.56641    
   225.214737       6.08441877      -3879.66577      -4612.56641    
   225.426651       6.16616201      -3847.20288      -4612.56641    
   225.639038       6.24738455      -3814.73975      -4612.56641    
   225.851883       6.32808113      -3782.27686      -4612.56641    
   226.065201       6.40824986      -3749.81372      -4612.56641    
   226.278961       6.48788500      -3717.35083      -4612.56641    
   226.493179       6.56698513      -3684.88770      -4612.56641    
   226.707870       6.64554453      -3652.42480      -4612.56641    
   226.922989       6.72356129      -3619.96167      -4612.56641    
   227.138580       6.80103064      -3587.49878      -4612.56641    
   227.354614       6.87794971      -3555.03589      -4612.56641    
   227.571091       6.95431519      -3522.57275      -4612.56641    
   227.788010       7.03012276      -3490.10986      -4612.56641    
   228.005371       7.10536957      -3457.64673      -4612.56641    
   228.223175       7.18005133      -3425.18384      -4612.56641    
   228.441406       7.25416517      -3392.72070      -4612.56641    
   228.660095       7.32770729      -3360.25781      -4612.56641    
   228.879196       7.40067482      -3327.79468      -4612.56641    
   229.098724       7.47306299      -3295.33179      -4612.56641    
   229.318695       7.54486990      -3262.86865      -4612.56641    
   229.539078       7.61609077      -3230.40576      -4612.56641    
   229.759888       7.68672323      -3197.94287      -4612.56641    
   229.981125       7.75676394      -3165.47974      -4612.56641    
   230.202774       7.82620811      -3133.01685      -4612.56641    
   230.424835       7.89505434      -3100.55371      -4612.56641    
   230.647308       7.96329784      -3068.09082      -4612.56641    
   230.870193       8.03093624      -3035.62769      -4612.56641    
   231.093475       8.09796524      -3003.16479      -4612.56641    
   231.317169       8.16438293      -2970.70166      -4612.56641    
   231.541260       8.23018456      -2938.23877      -4612.56641    
   231.765747       8.29536819      -2905.77588      -4612.56641    
   231.990616       8.35993004      -2873.31274      -4612.56641    
   232.215897       8.42386627      -2840.84985      -4612.56641    
   232.441544       8.48717594      -2808.38672      -4612.56641    
   232.667587       8.54985332      -2775.92383      -4612.56641    
   232.894012       8.61189651      -2743.46069      -4612.56641    
   233.120819       8.67330170      -2710.99780      -4612.56641    
   233.348007       8.73406792      -2678.53467      -4612.56641    
   233.575546       8.79418945      -2646.07178      -4612.56641    
   233.803467       8.85366440      -2613.60864      -4612.56641    
   234.031754       8.91248989      -2581.14575      -4612.56641    
   234.260391       8.97066307      -2548.68286      -4612.56641    
   234.489395       9.02818108      -2516.21973      -4612.56641    
   234.718765       9.08504009      -2483.75684      -4612.56641    
   234.948471       9.14123917      -2451.29370      -4612.56641    
   235.178528       9.19677258      -2418.83081      -4612.56641    
   235.408936       9.25164032      -2386.36768      -4612.56641    
   235.639664       9.30583763      -2353.90479      -4612.56641    
   235.870758       9.35936260      -2321.44165      -4612.56641    
   236.102158       9.41221237      -2288.97876      -4612.56641    
   236.333908       9.46438408      -2256.51562      -4612.56641    
   236.565979       9.51587582      -2224.05273      -4612.56641    
   236.798370       9.56668282      -2191.58984      -4612.56641    
   237.031067       9.61680508      -2159.12671      -4612.56641    
   237.264099       9.66623878      -2126.66382      -4612.56641    
   237.497437       9.71498108      -2094.20068      -4612.56641    
   237.731064       9.76302910      -2061.73779      -4612.56641    
   237.965012       9.81038189      -2029.27478      -4612.56641    
   238.199249       9.85703564      -1996.81177      -4612.56641    
   238.433792       9.90298843      -1964.34875      -4612.56641    
   238.668610       9.94823742      -1931.88574      -4612.56641    
   238.903732       9.99278069      -1899.42273      -4612.56641    
   239.139130       10.0366154      -1866.95972      -4612.56641    
   239.374802       10.0797405      -1834.49670      -4612.56641    
   239.610748       10.1221523      -1802.03369      -4612.56641    
   239.846954       10.1638489      -1769.57068      -4612.56641    
   240.083450       10.2048283      -1737.10767      -4612.56641    
   240.320190       10.2450876      -1704.64465      -4612.56641    
   240.557190       10.2846260      -1672.18176      -4612.56641    
   240.794434       10.3234406      -1639.71875      -4612.56641    
   241.031937       10.3615294      -1607.25574      -4612.56641    
   241.269684       10.3988905      -1574.79272      -4612.56641    
   241.507675       10.4355221      -1542.32971      -4612.56641    
   241.745880       10.4714212      -1509.86670      -4612.56641    
   241.984329       10.5065870      -1477.40369      -4612.56641    
   242.223007       10.5410166      -1444.94067      -4612.56641    
   242.461899       10.5747099      -1412.47766      -4612.56641    
   242.701019       10.6076632      -1380.01465      -4612.56641    
   242.940338       10.6398754      -1347.55176      -4612.56641    
   243.179871       10.6713448      -1315.08875      -4612.56641    
   243.419601       10.7020693      -1282.62573      -4612.56641    
   243.659546       10.7320480      -1250.16272      -4612.56641    
   243.899673       10.7612791      -1217.69971      -4612.56641    
   244.139984       10.7897615      -1185.23669      -4612.56641    
   244.380478       10.8174915      -1152.77368      -4612.56641    
   244.621155       10.8444700      -1120.31067      -4612.56641    
   244.862015       10.8706942      -1087.84766      -4612.56641    
   245.103027       10.8961630      -1055.38464      -4612.56641    
   245.344223       10.9208755      -1022.92169      -4612.56641    
   245.585556       10.9448299      -990.458679      -4612.56641    
   245.827072       10.9680243      -957.995667      -4612.56641    
   246.068710       10.9904585      -925.532654      -4612.56641    
   246.310516       11.0121307      -893.069702      -4612.56641    
   246.552444       11.0330391      -860.606689      -4612.56641    
   246.794525       11.0531845      -828.143677      -4612.56641    
   247.036728       11.0725632      -795.680664      -4612.56641    
   247.279053       11.0911760      -763.217651      -4612.56641    
   247.521500       11.1090221      -730.754700      -4612.56641    
   247.764069       11.1260986      -698.291687      -4612.56641    
   248.006744       11.1424065      -665.828674      -4612.56641    
   248.249512       11.1579437      -633.365662      -4612.56641    
   248.492401       11.1727104      -600.902649      -4612.56641    
   248.735367       11.1867046      -568.439697      -4612.56641    
   248.978439       11.1999264      -535.976685      -4612.56641    
   249.221588       11.2123747      -503.513672      -4612.56641    
   249.464813       11.2240486      -471.050659      -4612.56641    
   249.708130       11.2349472      -438.587677      -4612.56641    
   249.951492       11.2450714      -406.124664      -4612.56641    
   250.194931       11.2544193      -373.661652      -4612.56641    
   250.438431       11.2629900      -341.198669      -4612.56641    
   250.681992       11.2707844      -308.735657      -4612.56641    
   250.925598       11.2778015      -276.272644      -4612.56641    
   251.169235       11.2840405      -243.809662      -4612.56641    
   251.412918       11.2895021      -211.346649      -4612.56641    
   251.656647       11.2941847      -178.883652      -4612.56641    
   251.900391       11.2980881      -146.420654      -4612.56641    
   252.144165       11.3012133      -113.957649      -4612.56641    
   252.387955       11.3035593      -81.4946518      -4612.56641    
   252.631744       11.3051262      -49.0316467      -4612.56641    
   252.875565       11.3059139      -16.5686474      -4612.56641    
   253.119370       11.3059216       15.8943539      -4612.56641    
   253.363190       11.3051500       48.3573570      -4612.56641    
   253.606979       11.3035994       80.8203583      -4612.56641    
   253.850769       11.3012695       113.283356      -4612.56641    
   254.094543       11.2981615       145.746353      -4612.56641    
   254.338287       11.2942734       178.209366      -4612.56641    
   254.582016       11.2896070       210.672363      -4612.56641    
   254.825699       11.2841625       243.135361      -4612.56641    
   255.069351       11.2779388       275.598358      -4612.56641    
   255.312958       11.2709379       308.061371      -4612.56641    
   255.556503       11.2631598       340.524353      -4612.56641    
   255.800003       11.2546053       372.987366      -4612.56641    
   256.043457       11.2452736       405.450378      -4612.56641    
   256.286835       11.2351656       437.913361      -4612.56641    
   256.530121       11.2242823       470.376373      -4612.56641    
   256.773346       11.2126245       502.839386      -4612.56641    
   257.016510       11.2001925       535.302368      -4612.56641    
   257.259583       11.1869869       567.765381      -4612.56641    
   257.502563       11.1730089       600.228394      -4612.56641    
   257.745453       11.1582584       632.691406      -4612.56641    
   257.988220       11.1427374       665.154358      -4612.56641    
   258.230896       11.1264458       697.617371      -4612.56641    
   258.473450       11.1093845       730.080383      -4612.56641    
   258.715912       11.0915546       762.543396      -4612.56641    
   258.958252       11.0729580       795.006409      -4612.56641    
   259.200439       11.0535946       827.469360      -4612.56641    
   259.442535       11.0334654       859.932373      -4612.56641    
   259.684448       11.0125723       892.395386      -4612.56641    
   259.926270       10.9909163       924.858398      -4612.56641    
   260.167908       10.9684982       957.321411      -4612.56641    
   260.409424       10.9453192       989.784363      -4612.56641    
   260.650757       10.9213810       1022.24738      -4612.56641    
   260.891968       10.8966846       1054.71045      -4612.56641    
   261.132996       10.8712311       1087.17334      -4612.56641    
   261.373840       10.8450222       1119.63635      -4612.56641    
   261.614532       10.8180599       1152.09937      -4612.56641    
   261.855011       10.7903452       1184.56238      -4612.56641    
   262.095337       10.7618790       1217.02539      -4612.56641    
   262.335480       10.7326632       1249.48840      -4612.56641    
   262.575409       10.7026997       1281.95142      -4612.56641    
   262.815155       10.6719904       1314.41443      -4612.56641    
   263.054688       10.6405363       1346.87744      -4612.56641    
   263.294006       10.6083393       1379.34045      -4612.56641    
   263.533142       10.5754013       1411.80347      -4612.56641    
   263.772034       10.5417242       1444.26636      -4612.56641    
   264.010712       10.5073099       1476.72937      -4612.56641    
   264.249176       10.4721594       1509.19238      -4612.56641    
   264.487396       10.4362745       1541.65540      -4612.56641    
   264.725372       10.3996592       1574.11841      -4612.56641    
   264.963135       10.3623133       1606.58142      -4612.56641    
   265.200623       10.3242397       1639.04443      -4612.56641    
   265.437897       10.2854395       1671.50745      -4612.56641    
   265.674896       10.2459164       1703.97046      -4612.56641    
   265.911652       10.2056713       1736.43347      -4612.56641    
   266.148132       10.1647072       1768.89636      -4612.56641    
   266.384338       10.1230259       1801.35938      -4612.56641    
   266.620300       10.0806284       1833.82239      -4612.56641    
   266.855988       10.0375185       1866.28540      -4612.56641    
   267.091370       9.99369812       1898.74841      -4612.56641    
   267.326508       9.94917011       1931.21143      -4612.56641    
   267.561340       9.90393543       1963.67444      -4612.56641    
   267.795868       9.85799694       1996.13745      -4612.56641    
   268.030121       9.81135750       2028.60046      -4612.56641    
   268.264069       9.76401997       2061.06348      -4612.56641    
   268.497711       9.71598625       2093.52637      -4612.56641    
   268.731049       9.66725826       2125.98950      -4612.56641    
   268.964081       9.61783886       2158.45239      -4612.56641    
   269.196808       9.56773090       2190.91553      -4612.56641    
   269.429199       9.51693821       2223.37842      -4612.56641    
   269.661285       9.46546078       2255.84155      -4612.56641    
   269.893036       9.41330338       2288.30444      -4612.56641    
   270.124451       9.36046791       2320.76733      -4612.56641    
   270.355530       9.30695629       2353.23047      -4612.56641    
   270.586273       9.25277328       2385.69336      -4612.56641    
   270.816681       9.19791889       2418.15649      -4612.56641    
   271.046753       9.14239883       2450.61938      -4612.56641    
   271.276459       9.08621407       2483.08252      -4612.56641    
   271.505829       9.02936935       2515.54541      -4612.56641    
   271.734863       8.97186470       2548.00854      -4612.56641    
   271.963501       8.91370487       2580.47144      -4612.56641    
   272.191803       8.85489273       2612.93457      -4612.56641    
   272.419708       8.79543114       2645.39746      -4612.56641    
   272.647278       8.73532295       2677.86035      -4612.56641    
   272.874451       8.67457104       2710.32349      -4612.56641    
   273.101288       8.61317825       2742.78638      -4612.56641    
   273.327698       8.55114841       2775.24951      -4612.56641    
   273.553772       8.48848438       2807.71240      -4612.56641    
   273.779419       8.42518806       2840.17554      -4612.56641    
   274.004700       8.36126423       2872.63843      -4612.56641    
   274.229584       8.29671574       2905.10156      -4612.56641    
   274.454102       8.23154545       2937.56445      -4612.56641    
   274.678192       8.16575527       2970.02759      -4612.56641    
   274.901886       8.09935093       3002.49048      -4612.56641    
   275.125183       8.03233528       3034.95337      -4612.56641    
   275.348053       7.96470881       3067.41650      -4612.56641    
   275.570557       7.89647818       3099.87939      -4612.56641    
   275.792633       7.82764435       3132.34253      -4612.56641    
   276.014282       7.75821209       3164.80542      -4612.56641    
   276.235504       7.68818426       3197.26855      -4612.56641    
   276.456329       7.61756420       3229.73145      -4612.56641    
   276.676727       7.54635477       3262.19458      -4612.56641    
   276.896698       7.47456026       3294.65747      -4612.56641    
   277.116241       7.40218401       3327.12036      -4612.56641    
   277.335358       7.32922888       3359.58350      -4612.56641    
   277.554047       7.25569868       3392.04639      -4612.56641    
   277.772308       7.18159628       3424.50952      -4612.56641    
   277.990112       7.10692644       3456.97241      -4612.56641    
   278.207489       7.03169155       3489.43555      -4612.56641    
   278.424408       6.95589542       3521.89844      -4612.56641    
   278.640900       6.87954187       3554.36157      -4612.56641    
   278.856934       6.80263424       3586.82446      -4612.56641    
   279.072540       6.72517538       3619.28760      -4612.56641    
   279.287659       6.64717054       3651.75049      -4612.56641    
   279.502350       6.56862211       3684.21338      -4612.56641    
   279.716583       6.48953342       3716.67651      -4612.56641    
   279.930359       6.40990925       3749.13940      -4612.56641    
   280.143677       6.32975197       3781.60254      -4612.56641    
   280.356537       6.24906635       3814.06543      -4612.56641    
   280.568939       6.16785479       3846.52856      -4612.56641    
   280.780853       6.08612204       3878.99146      -4612.56641    
   280.992340       6.00387096       3911.45459      -4612.56641    
   281.203308       5.92110634       3943.91748      -4612.56641    
   281.413849       5.83783054       3976.38062      -4612.56641    
   281.623901       5.75404835       4008.84351      -4612.56641    
   281.833466       5.66976357       4041.30640      -4612.56641    
   282.042572       5.58497810       4073.76953      -4612.56641    
   282.251190       5.49969769       4106.23242      -4612.56641    
   282.459320       5.41392565       4138.69531      -4612.56641    
   282.666992       5.32766390       4171.15869      -4612.56641    
   282.874176       5.24091911       4203.62158      -4612.56641    
   283.080872       5.15369368       4236.08447      -4612.56641    
   283.287079       5.06599092       4268.54736      -4612.56641    
   283.492828       4.97781420       4301.01074      -4612.56641    
   283.698059       4.88916922       4333.47363      -4612.56641    
   283.902802       4.80005836       4365.93652      -4612.56641    
   284.107086       4.71048594       4398.39941      -4612.56641    
   284.310852       4.62045574       4430.86230      -4612.56641    
   284.514130       4.52996969       4463.32568      -4612.56641    
   284.716919       4.43903446       4495.78857      -4612.56641    
   284.919189       4.34765291       4528.25146      -4612.56641    
   285.120972       4.25582838       4560.71436      -4612.56641    
   285.322266       4.16356325       4593.17773      -4612.56641    
   285.523071       4.07086468       4625.64062      -4612.56641    
   285.723358       3.97773457       4658.10352      -4612.56641    
   285.923157       3.88417697       4690.56641      -4612.56641    
   286.122467       3.79019570       4723.02930      -4612.56641    
   286.321259       3.69579291       4755.49268      -4612.56641    
   286.519531       3.60097575       4787.95557      -4612.56641    
   286.717316       3.50574613       4820.41846      -4612.56641    
   286.914612       3.41010785       4852.88135      -4612.56641    
   287.111389       3.31406379       4885.34473      -4612.56641    
   287.307648       3.21762037       4917.80762      -4612.56641    
   287.503387       3.12077999       4950.27051      -4612.56641    
   287.698639       3.02354622       4982.73340      -4612.56641    
   287.893402       2.92592192       5015.19678      -4612.56641    
   288.087616       2.82791352       5047.65967      -4612.56641    
   288.281342       2.72952342       5080.12256      -4612.56641    
   288.474548       2.63075542       5112.58545      -4612.56641    
   288.667267       2.53161335       5145.04834      -4612.56641    
   288.859467       2.43209958       5177.51172      -4612.56641    
   289.051117       2.33222079       5209.97461      -4612.56641    
   289.242310       2.23197937       5242.43750      -4612.56641    
   289.432953       2.13137913       5274.90039      -4612.56641    
   289.623077       2.03042221       5307.36377      -4612.56641    
   289.812714       1.92911577       5339.82666      -4612.56641    
   290.001831       1.82746172       5372.28955      -4612.56641    
   290.190430       1.72546399       5404.75244      -4612.56641    
   290.378510       1.62312651       5437.21533      -4612.56641    
   290.566071       1.52045119       5469.67871      -4612.56641    
   290.753113       1.41744518       5502.14160      -4612.56641    
   290.939636       1.31411052       5534.60449      -4612.56641    
   291.125671       1.21045101       5567.06738      -4612.56641    
   291.311188       1.10646880       5599.53076      -4612.56641    
   291.496155       1.00217080       5631.99365      -4612.56641    
   291.680634      0.897559285       5664.45654      -4612.56641    
   291.680634      0.897559285       5664.45654      -4612.56641    
   291.785675       1.08189845       5664.45654      -4580.10352    
   291.891235       1.26653337       5664.45654      -4547.64062    
   291.997314       1.45146215       5664.45654      -4515.17773    
   292.103912       1.63668263       5664.45654      -4482.71484    
   292.211060       1.82219565       5664.45654      -4450.25146    
   292.318726       2.00799370       5664.45654      -4417.78857    
   292.426941       2.19407749       5664.45654      -4385.32568    
   292.535675       2.38044500       5664.45654      -4352.86279    
   292.644989       2.56709671       5664.45654      -4320.39941    
   292.754822       2.75402474       5664.45654      -4287.93652    
   292.865204       2.94123006       5664.45654      -4255.47363    
   292.976166       3.12871003       5664.45654      -4223.01074    
   293.087677       3.31646276       5664.45654      -4190.54785    
   293.199738       3.50448871       5664.45654      -4158.08447    
   293.312378       3.69277954       5664.45654      -4125.62158    
   293.425568       3.88133597       5664.45654      -4093.15869    
   293.539368       4.07015705       5664.45654      -4060.69556    
   293.653717       4.25923729       5664.45654      -4028.23267    
   293.768646       4.44857740       5664.45654      -3995.76953    
   293.884186       4.63817120       5664.45654      -3963.30664    
   294.000305       4.82802010       5664.45654      -3930.84351    
   294.117004       5.01811790       5664.45654      -3898.38062    
   294.234314       5.20846319       5664.45654      -3865.91772    
   294.352203       5.39905548       5664.45654      -3833.45459    
   294.470734       5.58988905       5664.45654      -3800.99170    
   294.589844       5.78096342       5664.45654      -3768.52856    
   294.709595       5.97227287       5664.45654      -3736.06567    
   294.829926       6.16381836       5664.45654      -3703.60254    
   294.950897       6.35559368       5664.45654      -3671.13965    
   295.072510       6.54759836       5664.45654      -3638.67651    
   295.194733       6.73982716       5664.45654      -3606.21362    
   295.317596       6.93227959       5664.45654      -3573.75049    
   295.441101       7.12495041       5664.45654      -3541.28760    
   295.565247       7.31783676       5664.45654      -3508.82471    
   295.690063       7.51093817       5664.45654      -3476.36157    
   295.815491       7.70424795       5664.45654      -3443.89868    
   295.941620       7.89776611       5664.45654      -3411.43555    
   296.068390       8.09148598       5664.45654      -3378.97266    
   296.195801       8.28540802       5664.45654      -3346.50952    
   296.323914       8.47952557       5664.45654      -3314.04663    
   296.452667       8.67383766       5664.45654      -3281.58350    
   296.582123       8.86833858       5664.45654      -3249.12061    
   296.712280       9.06302834       5664.45654      -3216.65747    
   296.843109       9.25789928       5664.45654      -3184.19458    
   296.974609       9.45295048       5664.45654      -3151.73169    
   297.106842       9.64817905       5664.45654      -3119.26855    
   297.239746       9.84357834       5664.45654      -3086.80566    
   297.373383       10.0391483       5664.45654      -3054.34253    
   297.507721       10.2348814       5664.45654      -3021.87964    
   297.642761       10.4307785       5664.45654      -2989.41650    
   297.778534       10.6268311       5664.45654      -2956.95361    
   297.915039       10.8230381       5664.45654      -2924.49048    
   298.052277       11.0193949       5664.45654      -2892.02759    
   298.190247       11.2158966       5664.45654      -2859.56470    
   298.328949       11.4125423       5664.45654      -2827.10156    
   298.468414       11.6093245       5664.45654      -2794.63867    
   298.608643       11.8062420       5664.45654      -2762.17554    
   298.749603       12.0032873       5664.45654      -2729.71265    
   298.891327       12.2004604       5664.45654      -2697.24951    
   299.033813       12.3977528       5664.45654      -2664.78662    
   299.177094       12.5951643       5664.45654      -2632.32349    
   299.321136       12.7926874       5664.45654      -2599.86060    
   299.465942       12.9903202       5664.45654      -2567.39746    
   299.611572       13.1880550       5664.45654      -2534.93457    
   299.757965       13.3858900       5664.45654      -2502.47168    
   299.905182       13.5838223       5664.45654      -2470.00854    
   300.053192       13.7818432       5664.45654      -2437.54565    
   300.201996       13.9799519       5664.45654      -2405.08252    
   300.351624       14.1781406       5664.45654      -2372.61963    
   300.502075       14.3764067       5664.45654      -2340.15649    
   300.653351       14.5747442       5664.45654      -2307.69360    
   300.805481       14.7731504       5664.45654      -2275.23047    
   300.958435       14.9716177       5664.45654      -2242.76758    
   301.112213       15.1701441       5664.45654      -2210.30444    
   301.266846       15.3687210       5664.45654      -2177.84155    
   301.422333       15.5673456       5664.45654      -2145.37866    
   301.578705       15.7660151       5664.45654      -2112.91553    
   301.735931       15.9647207       5664.45654      -2080.45264    
   301.894012       16.1634598       5664.45654      -2047.98950    
   302.052979       16.3622265       5664.45654      -2015.52649    
   302.212830       16.5610142       5664.45654      -1983.06360    
   302.373566       16.7598190       5664.45654      -1950.60059    
   302.535187       16.9586353       5664.45654      -1918.13757    
   302.697723       17.1574574       5664.45654      -1885.67456    
   302.861176       17.3562813       5664.45654      -1853.21155    
   303.025513       17.5550995       5664.45654      -1820.74854    
   303.190796       17.7539082       5664.45654      -1788.28552    
   303.356995       17.9527016       5664.45654      -1755.82251    
   303.524139       18.1514721       5664.45654      -1723.35950    
   303.692200       18.3502159       5664.45654      -1690.89648    
   303.861206       18.5489273       5664.45654      -1658.43347    
   304.031158       18.7476006       5664.45654      -1625.97058    
   304.202087       18.9462280       5664.45654      -1593.50757    
   304.373962       19.1448078       5664.45654      -1561.04456    
   304.546814       19.3433285       5664.45654      -1528.58154    
   304.720642       19.5417881       5664.45654      -1496.11853    
   304.895447       19.7401810       5664.45654      -1463.65552    
   305.071228       19.9384975       5664.45654      -1431.19250    
   305.248016       20.1367359       5664.45654      -1398.72949    
   305.425812       20.3348866       5664.45654      -1366.26648    
   305.604584       20.5329437       5664.45654      -1333.80347    
   305.784393       20.7309017       5664.45654      -1301.34058    
   305.965240       20.9287567       5664.45654      -1268.87756    
   306.147095       21.1264973       5664.45654      -1236.41455    
   306.329956       21.3241215       5664.45654      -1203.95154    
   306.513885       21.5216198       5664.45654      -1171.48853    
   306.698883       21.7189865       5664.45654      -1139.02551    
   306.884918       21.9162178       5664.45654      -1106.56250    
   307.071991       22.1133022       5664.45654      -1074.09949    
   307.260162       22.3102360       5664.45654      -1041.63647    
   307.449371       22.5070133       5664.45654      -1009.17352    
   307.639679       22.7036247       5664.45654      -976.710510    
   307.831085       22.9000645       5664.45654      -944.247498    
   308.023590       23.0963249       5664.45654      -911.784485    
   308.217163       23.2924023       5664.45654      -879.321472    
   308.411865       23.4882851       5664.45654      -846.858521    
   308.607697       23.6839695       5664.45654      -814.395508    
   308.804626       23.8794479       5664.45654      -781.932495    
   309.002686       24.0747128       5664.45654      -749.469482    
   309.201874       24.2697544       5664.45654      -717.006470    
   309.402222       24.4645710       5664.45654      -684.543518    
   309.603699       24.6591492       5664.45654      -652.080505    
   309.806366       24.8534870       5664.45654      -619.617493    
   310.010162       25.0475731       5664.45654      -587.154480    
   310.215149       25.2414017       5664.45654      -554.691467    
   310.421295       25.4349651       5664.45654      -522.228516    
   310.628662       25.6282578       5664.45654      -489.765472    
   310.837189       25.8212681       5664.45654      -457.302490    
   311.046906       26.0139904       5664.45654      -424.839478    
   311.257843       26.2064171       5664.45654      -392.376495    
   311.470001       26.3985405       5664.45654      -359.913483    
   311.683350       26.5903530       5664.45654      -327.450470    
   311.897949       26.7818451       5664.45654      -294.987488    
   312.113800       26.9730110       5664.45654      -262.524475    
   312.330841       27.1638432       5664.45654      -230.061478    
   312.549164       27.3543301       5664.45654      -197.598480    
   312.768738       27.5444679       5664.45654      -165.135468    
   312.989563       27.7342453       5664.45654      -132.672470    
   313.211670       27.9236546       5664.45654      -100.209473    
   313.435028       28.1126900       5664.45654      -67.7464676    
   313.659698       28.3013420       5664.45654      -35.2834702    
   313.885651       28.4896011       5664.45654      -2.82046866    
   314.112885       28.6774597       5664.45654       29.6425323    
   314.341431       28.8649101       5664.45654       62.1055336    
   314.571289       29.0519428       5664.45654       94.5685349    
   314.802460       29.2385502       5664.45654       127.031540    
   315.034973       29.4247227       5664.45654       159.494537    
   315.268799       29.6104527       5664.45654       191.957535    
   315.503967       29.7957325       5664.45654       224.420547    
   315.740479       29.9805527       5664.45654       256.883545    
   315.978333       30.1649017       5664.45654       289.346558    
   316.217560       30.3487759       5664.45654       321.809540    
   316.458160       30.5321617       5664.45654       354.272552    
   316.700104       30.7150536       5664.45654       386.735535    
   316.943451       30.8974419       5664.45654       419.198547    
   317.188171       31.0793171       5664.45654       451.661560    
   317.434296       31.2606697       5664.45654       484.124542    
   317.681793       31.4414921       5664.45654       516.587524    
   317.930725       31.6217747       5664.45654       549.050537    
   318.181030       31.8015099       5664.45654       581.513550    
   318.432800       31.9806862       5664.45654       613.976562    
   318.685974       32.1592941       5664.45654       646.439575    
   318.940552       32.3373260       5664.45654       678.902588    
   319.196594       32.5147743       5664.45654       711.365540    
   319.454071       32.6916275       5664.45654       743.828552    
   319.713013       32.8678741       5664.45654       776.291565    
   319.973389       33.0435104       5664.45654       808.754578    
   320.235229       33.2185211       5664.45654       841.217590    
   320.498535       33.3928986       5664.45654       873.680542    
   320.763306       33.5666389       5664.45654       906.143555    
   321.029572       33.7397270       5664.45654       938.606567    
   321.297302       33.9121513       5664.45654       971.069580    
   321.566528       34.0839081       5664.45654       1003.53259    
   321.837250       34.2549820       5664.45654       1035.99561    
   322.109467       34.4253693       5664.45654       1068.45862    
   322.383209       34.5950584       5664.45654       1100.92163    
   322.658447       34.7640381       5664.45654       1133.38452    
   322.935181       34.9322968       5664.45654       1165.84753    
   323.213470       35.0998306       5664.45654       1198.31055    
   323.493256       35.2666245       5664.45654       1230.77356    
   323.774597       35.4326744       5664.45654       1263.23657    
   324.057434       35.5979652       5664.45654       1295.69958    
   324.341827       35.7624855       5664.45654       1328.16260    
   324.627777       35.9262314       5664.45654       1360.62561    
   324.915253       36.0891914       5664.45654       1393.08862    
   325.204285       36.2513542       5664.45654       1425.55164    
   325.494904       36.4127083       5664.45654       1458.01465    
   325.787048       36.5732498       5664.45654       1490.47754    
   326.080750       36.7329597       5664.45654       1522.94055    
   326.376038       36.8918381       5664.45654       1555.40356    
   326.672882       37.0498657       5664.45654       1587.86658    
   326.971283       37.2070389       5664.45654       1620.32959    
   327.271271       37.3633461       5664.45654       1652.79260    
   327.572845       37.5187759       5664.45654       1685.25562    
   327.876007       37.6733208       5664.45654       1717.71863    
   328.180725       37.8269691       5664.45654       1750.18164    
   328.487030       37.9797096       5664.45654       1782.64465    
   328.794922       38.1315346       5664.45654       1815.10754    
   329.104431       38.2824326       5664.45654       1847.57056    
   329.415497       38.4323921       5664.45654       1880.03357    
   329.728180       38.5814056       5664.45654       1912.49658    
   330.042450       38.7294655       5664.45654       1944.95959    
   330.358307       38.8765564       5664.45654       1977.42261    
   330.675751       39.0226669       5664.45654       2009.88562    
   330.994781       39.1677933       5664.45654       2042.34863    
   331.315430       39.3119240       5664.45654       2074.81152    
   331.637665       39.4550476       5664.45654       2107.27466    
   331.961517       39.5971527       5664.45654       2139.73755    
   332.286926       39.7382278       5664.45654       2172.20068    
   332.613953       39.8782692       5664.45654       2204.66357    
   332.942566       40.0172615       5664.45654       2237.12671    
   333.272797       40.1551971       5664.45654       2269.58960    
   333.604584       40.2920647       5664.45654       2302.05273    
   333.937988       40.4278564       5664.45654       2334.51562    
   334.272949       40.5625610       5664.45654       2366.97852    
   334.609528       40.6961670       5664.45654       2399.44165    
   334.947662       40.8286667       5664.45654       2431.90454    
   335.287384       40.9600487       5664.45654       2464.36768    
   335.628693       41.0903015       5664.45654       2496.83057    
   335.971558       41.2194214       5664.45654       2529.29370    
   336.316010       41.3473930       5664.45654       2561.75659    
   336.662048       41.4742088       5664.45654       2594.21973    
   337.009613       41.5998573       5664.45654       2626.68262    
   337.358734       41.7243309       5664.45654       2659.14575    
   337.709442       41.8476181       5664.45654       2691.60864    
   338.061676       41.9697075       5664.45654       2724.07153    
   338.415436       42.0905952       5664.45654       2756.53467    
   338.770752       42.2102661       5664.45654       2788.99756    
   339.127625       42.3287163       5664.45654       2821.46069    
   339.485992       42.4459305       5664.45654       2853.92358    
   339.845856       42.5619011       5664.45654       2886.38672    
   340.207275       42.6766167       5664.45654       2918.84961    
   340.570160       42.7900772       5664.45654       2951.31274    
   340.934570       42.9022598       5664.45654       2983.77563    
   341.300446       43.0131645       5664.45654       3016.23877    
   341.667786       43.1227798       5664.45654       3048.70166    
   342.036621       43.2310982       5664.45654       3081.16455    
   342.406921       43.3381042       5664.45654       3113.62769    
   342.778656       43.4437981       5664.45654       3146.09058    
   343.151825       43.5481644       5664.45654       3178.55371    
   343.526459       43.6511917       5664.45654       3211.01660    
   343.902496       43.7528801       5664.45654       3243.47974    
   344.279907       43.8532143       5664.45654       3275.94263    
   344.658752       43.9521904       5664.45654       3308.40576    
   345.038971       44.0497932       5664.45654       3340.86865    
   345.420563       44.1460190       5664.45654       3373.33154    
   345.803528       44.2408600       5664.45654       3405.79468    
   346.187836       44.3343048       5664.45654       3438.25757    
   346.573486       44.4263458       5664.45654       3470.72070    
   346.960449       44.5169754       5664.45654       3503.18359    
   347.348724       44.6061859       5664.45654       3535.64673    
   347.738281       44.6939697       5664.45654       3568.10962    
   348.129120       44.7803192       5664.45654       3600.57275    
   348.521210       44.8652229       5664.45654       3633.03564    
   348.914551       44.9486771       5664.45654       3665.49878    
   349.309143       45.0306702       5664.45654       3697.96167    
   349.704926       45.1111984       5664.45654       3730.42456    
   350.101929       45.1902542       5664.45654       3762.88770    
   350.500092       45.2678299       5664.45654       3795.35059    
   350.899445       45.3439140       5664.45654       3827.81372    
   351.299927       45.4185066       5664.45654       3860.27661    
   351.701538       45.4915962       5664.45654       3892.73975    
   352.104248       45.5631752       5664.45654       3925.20264    
   352.508087       45.6332397       5664.45654       3957.66577    
   352.912964       45.7017784       5664.45654       3990.12866    
   353.318909       45.7687950       5664.45654       4022.59180    
   353.725861       45.8342705       5664.45654       4055.05469    
   354.133850       45.8982048       5664.45654       4087.51758    
   354.542816       45.9605942       5664.45654       4119.98047    
   354.952759       46.0214272       5664.45654       4152.44385    
   355.363647       46.0807037       5664.45654       4184.90674    
   355.775482       46.1384125       5664.45654       4217.36963    
   356.188202       46.1945496       5664.45654       4249.83252    
   356.601807       46.2491112       5664.45654       4282.29590    
   357.016296       46.3020935       5664.45654       4314.75879    
   357.431580       46.3534851       5664.45654       4347.22168    
   357.431580       46.3534851       5664.45654       4347.22168    
   357.357880       46.6404343       5631.99365       4347.22168    
   357.283325       46.9274139       5599.53076       4347.22168    
   357.207947       47.2144241       5567.06738       4347.22168    
   357.131683       47.5014458       5534.60449       4347.22168    
   357.054565       47.7884712       5502.14160       4347.22168    
   356.976562       48.0755005       5469.67871       4347.22168    
   356.897675       48.3625259       5437.21533       4347.22168    
   356.817841       48.6495323       5404.75244       4347.22168    
   356.737091       48.9365120       5372.28955       4347.22168    
   356.655396       49.2234612       5339.82666       4347.22168    
   356.572723       49.5103722       5307.36377       4347.22168    
   356.489075       49.7972412       5274.90039       4347.22168    
   356.404419       50.0840454       5242.43750       4347.22168    
   356.318756       50.3707886       5209.97461       4347.22168    
   356.232056       50.6574593       5177.51172       4347.22168    
   356.144287       50.9440498       5145.04834       4347.22168    
   356.055450       51.2305489       5112.58545       4347.22168    
   355.965546       51.5169525       5080.12256       4347.22168    
   355.874512       51.8032455       5047.65967       4347.22168    
   355.782318       52.0894241       5015.19678       4347.22168    
   355.688995       52.3754845       4982.73340       4347.22168    
   355.594482       52.6614075       4950.27051       4347.22168    
   355.498779       52.9471855       4917.80762       4347.22168    
   355.401855       53.2328186       4885.34473       4347.22168    
   355.303711       53.5182915       4852.88135       4347.22168    
   355.204254       53.8035965       4820.41846       4347.22168    
   355.103546       54.0887184       4787.95557       4347.22168    
   355.001495       54.3736572       4755.49268       4347.22168    
   354.898102       54.6584053       4723.02930       4347.22168    
   354.793335       54.9429398       4690.56641       4347.22168    
   354.687195       55.2272644       4658.10352       4347.22168    
   354.579620       55.5113640       4625.64062       4347.22168    
   354.470581       55.7952271       4593.17773       4347.22168    
   354.360046       56.0788536       4560.71436       4347.22168    
   354.248047       56.3622246       4528.25146       4347.22168    
   354.134460       56.6453323       4495.78857       4347.22168    
   354.019318       56.9281654       4463.32568       4347.22168    
   353.902588       57.2107239       4430.86230       4347.22168    
   353.784210       57.4929848       4398.39941       4347.22168    
   353.664124       57.7749443       4365.93652       4347.22168    
   353.542358       58.0565910       4333.47363       4347.22168    
   353.418854       58.3379135       4301.01074       4347.22168    
   353.293549       58.6189117       4268.54736       4347.22168    
   353.166443       58.8995628       4236.08447       4347.22168    
   353.037476       59.1798592       4203.62158       4347.22168    
   352.906586       59.4597931       4171.15869       4347.22168    
   352.773773       59.7393570       4138.69531       4347.22168    
   352.638977       60.0185318       4106.23242       4347.22168    
   352.502167       60.2973099       4073.76953       4347.22168    
   352.363251       60.5756874       4041.30640       4347.22168    
   352.222229       60.8536415       4008.84351       4347.22168    
   352.079071       61.1311722       3976.38062       4347.22168    
   351.933655       61.4082603       3943.91748       4347.22168    
   351.785980       61.6848984       3911.45459       4347.22168    
   351.636017       61.9610786       3878.99146       4347.22168    
   351.483643       62.2367783       3846.52856       4347.22168    
   351.328857       62.5120010       3814.06543       4347.22168    
   351.171600       62.7867241       3781.60254       4347.22168    
   351.011780       63.0609398       3749.13940       4347.22168    
   350.849335       63.3346329       3716.67651       4347.22168    
   350.684265       63.6077957       3684.21338       4347.22168    
   350.516418       63.8804131       3651.75049       4347.22168    
   350.345825       64.1524734       3619.28760       4347.22168    
   350.172333       64.4239731       3586.82446       4347.22168    
   349.995880       64.6948853       3554.36157       4347.22168    
   349.816437       64.9652023       3521.89844       4347.22168    
   349.633911       65.2349167       3489.43555       4347.22168    
   349.448212       65.5040131       3456.97241       4347.22168    
   349.259277       65.7724686       3424.50952       4347.22168    
   349.067017       66.0402908       3392.04639       4347.22168    
   348.871307       66.3074493       3359.58350       4347.22168    
   348.672119       66.5739365       3327.12036       4347.22168    
   348.469330       66.8397293       3294.65747       4347.22168    
   348.262848       67.1048279       3262.19458       4347.22168    
   348.052551       67.3692169       3229.73145       4347.22168    
   347.838379       67.6328735       3197.26855       4347.22168    
   347.620209       67.8957901       3164.80542       4347.22168    
   347.397919       68.1579514       3132.34253       4347.22168    
   347.171417       68.4193344       3099.87939       4347.22168    
   346.940582       68.6799393       3067.41650       4347.22168    
   346.705292       68.9397354       3034.95337       4347.22168    
   346.465393       69.1987152       3002.49048       4347.22168    
   346.220795       69.4568634       2970.02759       4347.22168    
   345.971344       69.7141647       2937.56445       4347.22168    
   345.716888       69.9705963       2905.10156       4347.22168    
   345.457306       70.2261429       2872.63843       4347.22168    
   345.192444       70.4807968       2840.17554       4347.22168    
   344.922119       70.7345352       2807.71240       4347.22168    
   344.646210       70.9873428       2775.24951       4347.22168    
   344.364502       71.2391968       2742.78638       4347.22168    
   344.076874       71.4900818       2710.32349       4347.22168    
   343.783081       71.7399826       2677.86035       4347.22168    
   343.483002       71.9888687       2645.39746       4347.22168    
   343.176392       72.2367401       2612.93457       4347.22168    
   342.863037       72.4835663       2580.47144       4347.22168    
   342.542786       72.7293243       2548.00854       4347.22168    
   342.215363       72.9740067       2515.54541       4347.22168    
   341.880554       73.2175751       2483.08252       4347.22168    
   341.538147       73.4600220       2450.61938       4347.22168    
   341.187866       73.7013245       2418.15649       4347.22168    
   340.829437       73.9414520       2385.69336       4347.22168    
   340.462646       74.1803894       2353.23047       4347.22168    
   340.087158       74.4181137       2320.76733       4347.22168    
   339.702698       74.6546021       2288.30444       4347.22168    
   339.308960       74.8898239       2255.84155       4347.22168    
   338.905640       75.1237564       2223.37842       4347.22168    
   338.492401       75.3563766       2190.91553       4347.22168    
   338.068909       75.5876541       2158.45239       4347.22168    
   337.634766       75.8175659       2125.98950       4347.22168    
   337.189636       76.0460892       2093.52637       4347.22168    
   336.733154       76.2731857       2061.06348       4347.22168    
   336.264832       76.4988251       2028.60046       4347.22168    
   335.784302       76.7229843       1996.13745       4347.22168    
   335.291107       76.9456329       1963.67444       4347.22168    
   334.784790       77.1667328       1931.21143       4347.22168    
   334.264862       77.3862610       1898.74841       4347.22168    
   333.730835       77.6041641       1866.28540       4347.22168    
   333.182129       77.8204269       1833.82239       4347.22168    
   332.618286       78.0350037       1801.35938       4347.22168    
   332.038635       78.2478638       1768.89636       4347.22168    
   331.442657       78.4589539       1736.43347       4347.22168    
   330.829681       78.6682434       1703.97046       4347.22168    
   330.199097       78.8756943       1671.50745       4347.22168    
   329.550171       79.0812607       1639.04443       4347.22168    
   328.882233       79.2848969       1606.58142       4347.22168    
   328.194580       79.4865570       1574.11841       4347.22168    
   327.486359       79.6861877       1541.65540       4347.22168    
   326.756836       79.8837509       1509.19238       4347.22168    
   326.005157       80.0791855       1476.72937       4347.22168    
   325.230469       80.2724380       1444.26636       4347.22168    
   324.431854       80.4634552       1411.80347       4347.22168    
   323.608368       80.6521835       1379.34045       4347.22168    
   322.759064       80.8385544       1346.87744       4347.22168    
   321.882935       81.0225143       1314.41443       4347.22168    
   320.978943       81.2039948       1281.95142       4347.22168    
   320.046021       81.3829193       1249.48840       4347.22168    
   319.083038       81.5592346       1217.02539       4347.22168    
   318.088867       81.7328568       1184.56238       4347.22168    
   317.062347       81.9037094       1152.09937       4347.22168    
   316.002258       82.0717163       1119.63635       4347.22168    
   314.907379       82.2367935       1087.17334       4347.22168    
   313.776459       82.3988571       1054.71045       4347.22168    
   312.608246       82.5578232       1022.24738       4347.22168    
   311.401459       82.7135925       989.784363       4347.22168    
   310.154816       82.8660736       957.321411       4347.22168    
   308.867035       83.0151672       924.858398       4347.22168    
   307.536835       83.1607666       892.395386       4347.22168    
   306.162994       83.3027649       859.932373       4347.22168    
   304.744293       83.4410629       827.469360       4347.22168    
   303.279541       83.5755386       795.006409       4347.22168    
   301.767700       83.7060776       762.543396       4347.22168    
   300.207703       83.8325577       730.080383       4347.22168    
   298.598633       83.9548569       697.617371       4347.22168    
   296.939758       84.0728531       665.154358       4347.22168    
   295.230377       84.1864166       632.691406       4347.22168    
   293.470062       84.2954102       600.228394       4347.22168    
   291.658508       84.3997116       567.765381       4347.22168    
   289.795654       84.4991837       535.302368       4347.22168    
   287.881744       84.5936966       502.839386       4347.22168    
   285.917206       84.6831055       470.376373       4347.22168    
   283.902863       84.7672882       437.913361       4347.22168    
   281.839844       84.8461075       405.450378       4347.22168    
   279.729553       84.9194412       372.987366       4347.22168    
   277.573853       84.9871521       340.524353       4347.22168    
   275.374969       85.0491409       308.061371       4347.22168    
   273.135468       85.1052780       275.598358       4347.22168    
   270.858368       85.1554565       243.135361       4347.22168    
   268.546997       85.1995926       210.672363       4347.22168    
   266.205139       85.2375793       178.209366       4347.22168    
   263.836823       85.2693558       145.746353       4347.22168    
   261.446411       85.2948456       113.283356       4347.22168    
   259.038574       85.3139954       80.8203583       4347.22168    
   256.618103       85.3267593       48.3573570       4347.22168    
   254.190048       85.3331146       15.8943539       4347.22168    
   251.759476       85.3330460      -16.5686474       4347.22168    
   249.331528       85.3265610      -49.0316467       4347.22168    
   246.911285       85.3136597      -81.4946518       4347.22168    
   244.503738       85.2943802      -113.957649       4347.22168    
   242.113754       85.2687607      -146.420654       4347.22168    
   239.745941       85.2368546      -178.883652       4347.22168    
   237.404663       85.1987381      -211.346649       4347.22168    
   235.093979       85.1544800      -243.809662       4347.22168    
   232.817627       85.1041718      -276.272644       4347.22168    
   230.578949       85.0479126      -308.735657       4347.22168    
   228.380920       84.9858093      -341.198669       4347.22168    
   226.226151       84.9179688      -373.661652       4347.22168    
   224.116821       84.8445282      -406.124664       4347.22168    
   222.054779       84.7655945      -438.587677       4347.22168    
   220.041473       84.6813049      -471.050659       4347.22168    
   218.077988       84.5917816      -503.513672       4347.22168    
   216.165131       84.4971695      -535.976685       4347.22168    
   214.303345       84.3975983      -568.439697       4347.22168    
   212.492859       84.2931976      -600.902649       4347.22168    
   210.733597       84.1841049      -633.365662       4347.22168    
   209.025269       84.0704498      -665.828674       4347.22168    
   207.367432       83.9523621      -698.291687       4347.22168    
   205.759415       83.8299713      -730.754700       4347.22168    
   204.200424       83.7034073      -763.217651       4347.22168    
   202.689560       83.5727844      -795.680664       4347.22168    
   201.225784       83.4382248      -828.143677       4347.22168    
   199.808029       83.2998505      -860.606689       4347.22168    
   198.435089       83.1577759      -893.069702       4347.22168    
   197.105804       83.0121002      -925.532654       4347.22168    
   195.818878       82.8629379      -957.995667       4347.22168    
   194.573074       82.7103882      -990.458679       4347.22168    
   193.367096       82.5545502      -1022.92169       4347.22168    
   192.199677       82.3955231      -1055.38464       4347.22168    
   191.069534       82.2333984      -1087.84766       4347.22168    
   189.975388       82.0682526      -1120.31067       4347.22168    
   188.916000       81.9001846      -1152.77368       4347.22168    
   187.890152       81.7292786      -1185.23669       4347.22168    
   186.896652       81.5555954      -1217.69971       4347.22168    
   185.934296       81.3792343      -1250.16272       4347.22168    
   185.001984       81.2002487      -1282.62573       4347.22168    
   184.098572       81.0187149      -1315.08875       4347.22168    
   183.223022       80.8347092      -1347.55176       4347.22168    
   182.374268       80.6482849      -1380.01465       4347.22168    
   181.551331       80.4595108      -1412.47766       4347.22168    
   180.753204       80.2684479      -1444.94067       4347.22168    
   179.979004       80.0751419      -1477.40369       4347.22168    
   179.227783       79.8796692      -1509.86670       4347.22168    
   178.498718       79.6820602      -1542.32971       4347.22168    
   177.790939       79.4823837      -1574.79272       4347.22168    
   177.103683       79.2806854      -1607.25574       4347.22168    
   176.436157       79.0770111      -1639.71875       4347.22168    
   175.787628       78.8714066      -1672.18176       4347.22168    
   175.157410       78.6639175      -1704.64465       4347.22168    
   174.544800       78.4545898      -1737.10767       4347.22168    
   173.949158       78.2434540      -1769.57068       4347.22168    
   173.369858       78.0305634      -1802.03369       4347.22168    
   172.806305       77.8159561      -1834.49670       4347.22168    
   172.257935       77.5996552      -1866.95972       4347.22168    
   171.724197       77.3817139      -1899.42273       4347.22168    
   171.204559       77.1621552      -1931.88574       4347.22168    
   170.698517       76.9410248      -1964.34875       4347.22168    
   170.205582       76.7183456      -1996.81177       4347.22168    
   169.725311       76.4941559      -2029.27478       4347.22168    
   169.257263       76.2684784      -2061.73779       4347.22168    
   168.800995       76.0413589      -2094.20068       4347.22168    
   168.356094       75.8128052      -2126.66382       4347.22168    
   167.922195       75.5828629      -2159.12671       4347.22168    
   167.498901       75.3515549      -2191.58984       4347.22168    
   167.085876       75.1189117      -2224.05273       4347.22168    
   166.682770       74.8849487      -2256.51562       4347.22168    
   166.289230       74.6497040      -2288.97876       4347.22168    
   165.904968       74.4131927      -2321.44165       4347.22168    
   165.529663       74.1754379      -2353.90479       4347.22168    
   165.163025       73.9364777      -2386.36768       4347.22168    
   164.804779       73.6963196      -2418.83081       4347.22168    
   164.454666       73.4550018      -2451.29370       4347.22168    
   164.112396       73.2125244      -2483.75684       4347.22168    
   163.777756       72.9689331      -2516.21973       4347.22168    
   163.450500       72.7242355      -2548.68286       4347.22168    
   163.130371       72.4784470      -2581.14575       4347.22168    
   162.817184       72.2316055      -2613.60864       4347.22168    
   162.510712       71.9837112      -2646.07178       4347.22168    
   162.210754       71.7347946      -2678.53467       4347.22168    
   161.917099       71.4848785      -2710.99780       4347.22168    
   161.629578       71.2339706      -2743.46069       4347.22168    
   161.348007       70.9821014      -2775.92383       4347.22168    
   161.072205       70.7292786      -2808.38672       4347.22168    
   160.802002       70.4755173      -2840.84985       4347.22168    
   160.537247       70.2208481      -2873.31274       4347.22168    
   160.277771       69.9652786      -2905.77588       4347.22168    
   160.023422       69.7088242      -2938.23877       4347.22168    
   159.774078       69.4515076      -2970.70166       4347.22168    
   159.529572       69.1933441      -3003.16479       4347.22168    
   159.289780       68.9343491      -3035.62769       4347.22168    
   159.054565       68.6745300      -3068.09082       4347.22168    
   158.823822       68.4139175      -3100.55371       4347.22168    
   158.597412       68.1525116      -3133.01685       4347.22168    
   158.375214       67.8903351      -3165.47974       4347.22168    
   158.157120       67.6274033      -3197.94287       4347.22168    
   157.943039       67.3637314      -3230.40576       4347.22168    
   157.732834       67.0993347      -3262.86865       4347.22168    
   157.526428       66.8342209      -3295.33179       4347.22168    
   157.323700       66.5684052      -3327.79468       4347.22168    
   157.124588       66.3019028      -3360.25781       4347.22168    
   156.928970       66.0347366      -3392.72070       4347.22168    
   156.736755       65.7668991      -3425.18384       4347.22168    
   156.547882       65.4984283      -3457.64673       4347.22168    
   156.362259       65.2293167      -3490.10986       4347.22168    
   156.179794       64.9595947      -3522.57275       4347.22168    
   156.000412       64.6892624      -3555.03589       4347.22168    
   155.824051       64.4183350      -3587.49878       4347.22168    
   155.650620       64.1468353      -3619.96167       4347.22168    
   155.480057       63.8747559      -3652.42480       4347.22168    
   155.312286       63.6021271      -3684.88770       4347.22168    
   155.147247       63.3289528      -3717.35083       4347.22168    
   154.984879       63.0552483      -3749.81372       4347.22168    
   154.825119       62.7810211      -3782.27686       4347.22168    
   154.667892       62.5062904      -3814.73975       4347.22168    
   154.513168       62.2310562      -3847.20288       4347.22168    
   154.360855       61.9553452      -3879.66577       4347.22168    
   154.210922       61.6791573      -3912.12891       4347.22168    
   154.063293       61.4025116      -3944.59180       4347.22168    
   153.917938       61.1254120      -3977.05469       4347.22168    
   153.774811       60.8478737      -4009.51782       4347.22168    
   153.633835       60.5699081      -4041.98071       4347.22168    
   153.494980       60.2915230      -4074.44385       4347.22168    
   153.358200       60.0127373      -4106.90674       4347.22168    
   153.223434       59.7335548      -4139.36963       4347.22168    
   153.090668       59.4539833      -4171.83301       4347.22168    
   152.959824       59.1740417      -4204.29590       4347.22168    
   152.830902       58.8937378      -4236.75879       4347.22168    
   152.703827       58.6130791      -4269.22168       4347.22168    
   152.578568       58.3320808      -4301.68457       4347.22168    
   152.455078       58.0507431      -4334.14795       4347.22168    
   152.333359       57.7690887      -4366.61084       4347.22168    
   152.213333       57.4871254      -4399.07373       4347.22168    
   152.094971       57.2048569      -4431.53662       4347.22168    
   151.978256       56.9222946      -4464.00000       4347.22168    
   151.863159       56.6394539      -4496.46289       4347.22168    
   151.749619       56.3563385      -4528.92578       4347.22168    
   151.637634       56.0729637      -4561.38867       4347.22168    
   151.527145       55.7893333      -4593.85205       4347.22168    
   151.418152       55.5054626      -4626.31494       4347.22168    
   151.310593       55.2213593      -4658.77783       4347.22168    
   151.204468       54.9370346      -4691.24072       4347.22168    
   151.099747       54.6524925      -4723.70361       4347.22168    
   150.996384       54.3677406      -4756.16699       4347.22168    
   150.894363       54.0827980      -4788.62988       4347.22168    
   150.793655       53.7976723      -4821.09277       4347.22168    
   150.694244       53.5123634      -4853.55566       4347.22168    
   150.596100       53.2268867      -4886.01904       4347.22168    
   150.499207       52.9412537      -4918.48193       4347.22168    
   150.403534       52.6554680      -4950.94482       4347.22168    
   150.309052       52.3695450      -4983.40771       4347.22168    
   150.215744       52.0834846      -5015.87061       4347.22168    
   150.123596       51.7972984      -5048.33398       4347.22168    
   150.032593       51.5110016      -5080.79688       4347.22168    
   149.942688       51.2246017      -5113.25977       4347.22168    
   149.853867       50.9380989      -5145.72266       4347.22168    
   149.766144       50.6515045      -5178.18604       4347.22168    
   149.679459       50.3648338      -5210.64893       4347.22168    
   149.593811       50.0780907      -5243.11182       4347.22168    
   149.509186       49.7912827      -5275.57471       4347.22168    
   149.425552       49.5044136      -5308.03809       4347.22168    
   149.342896       49.2175026      -5340.50098       4347.22168    
   149.261215       48.9305534      -5372.96387       4347.22168    
   149.180481       48.6435699      -5405.42676       4347.22168    
   149.100693       48.3565636      -5437.88965       4347.22168    
   149.021805       48.0695381      -5470.35303       4347.22168    
   148.943817       47.7825089      -5502.81592       4347.22168    
   148.866714       47.4954834      -5535.27881       4347.22168    
   148.790497       47.2084618      -5567.74170       4347.22168    
   148.715118       46.9214554      -5600.20508       4347.22168    
   148.640594       46.6344757      -5632.66797       4347.22168    
   148.640594       46.6344757      -5632.66797       4347.22168    
   149.058090       46.5827866      -5632.66797       4314.75879    
   149.474747       46.5294991      -5632.66797       4282.29590    
   149.890533       46.4746246      -5632.66797       4249.83252    
   150.305405       46.4181633      -5632.66797       4217.36963    
   150.719360       46.3601265      -5632.66797       4184.90674    
   151.132385       46.3005104      -5632.66797       4152.44385    
   151.544434       46.2393303      -5632.66797       4119.98047    
   151.955505       46.1765862      -5632.66797       4087.51758    
   152.365570       46.1122856      -5632.66797       4055.05469    
   152.774597       46.0464363      -5632.66797       4022.59180    
   153.182587       45.9790421      -5632.66797       3990.12866    
   153.589493       45.9101105      -5632.66797       3957.66577    
   153.995316       45.8396492      -5632.66797       3925.20264    
   154.400040       45.7676659      -5632.66797       3892.73975    
   154.803635       45.6941643      -5632.66797       3860.27661    
   155.206070       45.6191559      -5632.66797       3827.81372    
   155.607361       45.5426407      -5632.66797       3795.35059    
   156.007462       45.4646301      -5632.66797       3762.88770    
   156.406357       45.3851318      -5632.66797       3730.42456    
   156.804047       45.3041534      -5632.66797       3697.96167    
   157.200485       45.2217026      -5632.66797       3665.49878    
   157.595688       45.1377831      -5632.66797       3633.03564    
   157.989624       45.0524063      -5632.66797       3600.57275    
   158.382278       44.9655800      -5632.66797       3568.10962    
   158.773636       44.8773117      -5632.66797       3535.64673    
   159.163681       44.7876053      -5632.66797       3503.18359    
   159.552399       44.6964760      -5632.66797       3470.72070    
   159.939774       44.6039276      -5632.66797       3438.25757    
   160.325790       44.5099716      -5632.66797       3405.79468    
   160.710449       44.4146118      -5632.66797       3373.33154    
   161.093719       44.3178596      -5632.66797       3340.86865    
   161.475601       44.2197227      -5632.66797       3308.40576    
   161.856079       44.1202087      -5632.66797       3275.94263    
   162.235138       44.0193291      -5632.66797       3243.47974    
   162.612762       43.9170876      -5632.66797       3211.01660    
   162.988953       43.8134995      -5632.66797       3178.55371    
   163.363693       43.7085724      -5632.66797       3146.09058    
   163.736969       43.6023102      -5632.66797       3113.62769    
   164.108780       43.4947281      -5632.66797       3081.16455    
   164.479095       43.3858299      -5632.66797       3048.70166    
   164.847931       43.2756310      -5632.66797       3016.23877    
   165.215271       43.1641350      -5632.66797       2983.77563    
   165.581100       43.0513535      -5632.66797       2951.31274    
   165.945419       42.9372940      -5632.66797       2918.84961    
   166.308212       42.8219681      -5632.66797       2886.38672    
   166.669479       42.7053833      -5632.66797       2853.92358    
   167.029190       42.5875511      -5632.66797       2821.46069    
   167.387375       42.4684792      -5632.66797       2788.99756    
   167.744003       42.3481827      -5632.66797       2756.53467    
   168.099075       42.2266617      -5632.66797       2724.07153    
   168.452591       42.1039352      -5632.66797       2691.60864    
   168.804535       41.9800072      -5632.66797       2659.14575    
   169.154907       41.8548889      -5632.66797       2626.68262    
   169.503693       41.7285881      -5632.66797       2594.21973    
   169.850906       41.6011200      -5632.66797       2561.75659    
   170.196533       41.4724884      -5632.66797       2529.29370    
   170.540558       41.3427086      -5632.66797       2496.83057    
   170.883011       41.2117882      -5632.66797       2464.36768    
   171.223846       41.0797348      -5632.66797       2431.90454    
   171.563095       40.9465599      -5632.66797       2399.44165    
   171.900726       40.8122749      -5632.66797       2366.97852    
   172.236771       40.6768875      -5632.66797       2334.51562    
   172.571198       40.5404129      -5632.66797       2302.05273    
   172.904022       40.4028549      -5632.66797       2269.58960    
   173.235229       40.2642250      -5632.66797       2237.12671    
   173.564835       40.1245346      -5632.66797       2204.66357    
   173.892822       39.9837952      -5632.66797       2172.20068    
   174.219193       39.8420143      -5632.66797       2139.73755    
   174.543961       39.6992073      -5632.66797       2107.27466    
   174.867111       39.5553741      -5632.66797       2074.81152    
   175.188644       39.4105339      -5632.66797       2042.34863    
   175.508560       39.2646904      -5632.66797       2009.88562    
   175.826874       39.1178627      -5632.66797       1977.42261    
   176.143570       38.9700508      -5632.66797       1944.95959    
   176.458649       38.8212700      -5632.66797       1912.49658    
   176.772125       38.6715279      -5632.66797       1880.03357    
   177.084000       38.5208397      -5632.66797       1847.57056    
   177.394257       38.3692131      -5632.66797       1815.10754    
   177.702911       38.2166557      -5632.66797       1782.64465    
   178.009964       38.0631790      -5632.66797       1750.18164    
   178.315414       37.9087944      -5632.66797       1717.71863    
   178.619263       37.7535095      -5632.66797       1685.25562    
   178.921524       37.5973396      -5632.66797       1652.79260    
   179.222183       37.4402885      -5632.66797       1620.32959    
   179.521255       37.2823677      -5632.66797       1587.86658    
   179.818741       37.1235924      -5632.66797       1555.40356    
   180.114639       36.9639664      -5632.66797       1522.94055    
   180.408951       36.8035049      -5632.66797       1490.47754    
   180.701706       36.6422119      -5632.66797       1458.01465    
   180.992874       36.4801025      -5632.66797       1425.55164    
   181.282471       36.3171844      -5632.66797       1393.08862    
   181.570511       36.1534691      -5632.66797       1360.62561    
   181.856979       35.9889641      -5632.66797       1328.16260    
   182.141891       35.8236809      -5632.66797       1295.69958    
   182.425262       35.6576309      -5632.66797       1263.23657    
   182.707077       35.4908180      -5632.66797       1230.77356    
   182.987350       35.3232613      -5632.66797       1198.31055    
   183.266083       35.1549644      -5632.66797       1165.84753    
   183.543289       34.9859352      -5632.66797       1133.38452    
   183.818954       34.8161926      -5632.66797       1100.92163    
   184.093109       34.6457367      -5632.66797       1068.45862    
   184.365738       34.4745789      -5632.66797       1035.99561    
   184.636856       34.3027344      -5632.66797       1003.53259    
   184.906479       34.1302109      -5632.66797       971.069580    
   185.174591       33.9570122      -5632.66797       938.606567    
   185.441208       33.7831535      -5632.66797       906.143555    
   185.706329       33.6086426      -5632.66797       873.680542    
   185.969971       33.4334946      -5632.66797       841.217590    
   186.232132       33.2577095      -5632.66797       808.754578    
   186.492828       33.0812988      -5632.66797       776.291565    
   186.752045       32.9042778      -5632.66797       743.828552    
   187.009811       32.7266502      -5632.66797       711.365540    
   187.266129       32.5484314      -5632.66797       678.902588    
   187.520996       32.3696251      -5632.66797       646.439575    
   187.774414       32.1902390      -5632.66797       613.976562    
   188.026413       32.0102882      -5632.66797       581.513550    
   188.276962       31.8297806      -5632.66797       549.050537    
   188.526108       31.6487236      -5632.66797       516.587524    
   188.773834       31.4671268      -5632.66797       484.124542    
   189.020142       31.2849979      -5632.66797       451.661560    
   189.265060       31.1023483      -5632.66797       419.198547    
   189.508575       30.9191856      -5632.66797       386.735535    
   189.750717       30.7355213      -5632.66797       354.272552    
   189.991455       30.5513592      -5632.66797       321.809540    
   190.230835       30.3667126      -5632.66797       289.346558    
   190.468842       30.1815891      -5632.66797       256.883545    
   190.705490       29.9959965      -5632.66797       224.420547    
   190.940781       29.8099461      -5632.66797       191.957535    
   191.174728       29.6234417      -5632.66797       159.494537    
   191.407333       29.4364986      -5632.66797       127.031540    
   191.638611       29.2491188      -5632.66797       94.5685349    
   191.868561       29.0613155      -5632.66797       62.1055336    
   192.097183       28.8730965      -5632.66797       29.6425323    
   192.324509       28.6844673      -5632.66797      -2.82046866    
   192.550522       28.4954395      -5632.66797      -35.2834702    
   192.775223       28.3060207      -5632.66797      -67.7464676    
   192.998657       28.1162186      -5632.66797      -100.209473    
   193.220795       27.9260406      -5632.66797      -132.672470    
   193.441666       27.7354984      -5632.66797      -165.135468    
   193.661255       27.5445957      -5632.66797      -197.598480    
   193.879593       27.3533440      -5632.66797      -230.061478    
   194.096664       27.1617508      -5632.66797      -262.524475    
   194.312500       26.9698219      -5632.66797      -294.987488    
   194.527100       26.7775688      -5632.66797      -327.450470    
   194.740448       26.5849972      -5632.66797      -359.913483    
   194.952591       26.3921146      -5632.66797      -392.376495    
   195.163498       26.1989288      -5632.66797      -424.839478    
   195.373199       26.0054493      -5632.66797      -457.302490    
   195.581696       25.8116837      -5632.66797      -489.765472    
   195.789001       25.6176376      -5632.66797      -522.228516    
   195.995117       25.4233208      -5632.66797      -554.691467    
   196.200043       25.2287388      -5632.66797      -587.154480    
   196.403793       25.0339012      -5632.66797      -619.617493    
   196.606369       24.8388157      -5632.66797      -652.080505    
   196.807785       24.6434879      -5632.66797      -684.543518    
   197.008057       24.4479256      -5632.66797      -717.006470    
   197.207169       24.2521362      -5632.66797      -749.469482    
   197.405151       24.0561275      -5632.66797      -781.932495    
   197.601990       23.8599072      -5632.66797      -814.395508    
   197.797699       23.6634808      -5632.66797      -846.858521    
   197.992310       23.4668579      -5632.66797      -879.321472    
   198.185791       23.2700424      -5632.66797      -911.784485    
   198.378159       23.0730438      -5632.66797      -944.247498    
   198.569443       22.8758678      -5632.66797      -976.710510    
   198.759628       22.6785221      -5632.66797      -1009.17352    
   198.948730       22.4810143      -5632.66797      -1041.63647    
   199.136749       22.2833481      -5632.66797      -1074.09949    
   199.323700       22.0855331      -5632.66797      -1106.56250    
   199.509598       21.8875751      -5632.66797      -1139.02551    
   199.694427       21.6894817      -5632.66797      -1171.48853    
   199.878204       21.4912586      -5632.66797      -1203.95154    
   200.060944       21.2929115      -5632.66797      -1236.41455    
   200.242630       21.0944500      -5632.66797      -1268.87756    
   200.423309       20.8958759      -5632.66797      -1301.34058    
   200.602951       20.6972008      -5632.66797      -1333.80347    
   200.781570       20.4984264      -5632.66797      -1366.26648    
   200.959183       20.2995605      -5632.66797      -1398.72949    
   201.135788       20.1006107      -5632.66797      -1431.19250    
   201.311401       19.9015827      -5632.66797      -1463.65552    
   201.486023       19.7024822      -5632.66797      -1496.11853    
   201.659653       19.5033150      -5632.66797      -1528.58154    
   201.832321       19.3040867      -5632.66797      -1561.04456    
   202.003998       19.1048050      -5632.66797      -1593.50757    
   202.174713       18.9054756      -5632.66797      -1625.97058    
   202.344482       18.7061043      -5632.66797      -1658.43347    
   202.513290       18.5066948      -5632.66797      -1690.89648    
   202.681152       18.3072548      -5632.66797      -1723.35950    
   202.848068       18.1077900      -5632.66797      -1755.82251    
   203.014053       17.9083042      -5632.66797      -1788.28552    
   203.179108       17.7088051      -5632.66797      -1820.74854    
   203.343246       17.5092983      -5632.66797      -1853.21155    
   203.506470       17.3097897      -5632.66797      -1885.67456    
   203.668777       17.1102829      -5632.66797      -1918.13757    
   203.830185       16.9107838      -5632.66797      -1950.60059    
   203.990692       16.7112980      -5632.66797      -1983.06360    
   204.150314       16.5118332      -5632.66797      -2015.52649    
   204.309052       16.3123913      -5632.66797      -2047.98950    
   204.466904       16.1129780      -5632.66797      -2080.45264    
   204.623886       15.9136009      -5632.66797      -2112.91553    
   204.779999       15.7142611      -5632.66797      -2145.37866    
   204.935242       15.5149689      -5632.66797      -2177.84155    
   205.089645       15.3157253      -5632.66797      -2210.30444    
   205.243179       15.1165352      -5632.66797      -2242.76758    
   205.395889       14.9174070      -5632.66797      -2275.23047    
   205.547745       14.7183409      -5632.66797      -2307.69360    
   205.698776       14.5193462      -5632.66797      -2340.15649    
   205.848969       14.3204241      -5632.66797      -2372.61963    
   205.998352       14.1215830      -5632.66797      -2405.08252    
   206.146912       13.9228230      -5632.66797      -2437.54565    
   206.294662       13.7241535      -5632.66797      -2470.00854    
   206.441605       13.5255747      -5632.66797      -2502.47168    
   206.587738       13.3270950      -5632.66797      -2534.93457    
   206.733093       13.1287174      -5632.66797      -2567.39746    
   206.877655       12.9304447      -5632.66797      -2599.86060    
   207.021423       12.7322836      -5632.66797      -2632.32349    
   207.164429       12.5342369      -5632.66797      -2664.78662    
   207.306641       12.3363104      -5632.66797      -2697.24951    
   207.448105       12.1385059      -5632.66797      -2729.71265    
   207.588791       11.9408312      -5632.66797      -2762.17554    
   207.728729       11.7432861      -5632.66797      -2794.63867    
   207.867905       11.5458794      -5632.66797      -2827.10156    
   208.006348       11.3486118      -5632.66797      -2859.56470    
   208.144043       11.1514893      -5632.66797      -2892.02759    
   208.280991       10.9545145      -5632.66797      -2924.49048    
   208.417206       10.7576914      -5632.66797      -2956.95361    
   208.552704       10.5610247      -5632.66797      -2989.41650    
   208.687469       10.3645172      -5632.66797      -3021.87964    
   208.821533       10.1681738      -5632.66797      -3054.34253    
   208.954865       9.97199726      -5632.66797      -3086.80566    
   209.087509       9.77599335      -5632.66797      -3119.26855    
   209.219437       9.58016205      -5632.66797      -3151.73169    
   209.350662       9.38451099      -5632.66797      -3184.19458    
   209.481201       9.18904209      -5632.66797      -3216.65747    
   209.611053       8.99375725      -5632.66797      -3249.12061    
   209.740219       8.79866219      -5632.66797      -3281.58350    
   209.868698       8.60375881      -5632.66797      -3314.04663    
   209.996506       8.40905190      -5632.66797      -3346.50952    
   210.123642       8.21454334      -5632.66797      -3378.97266    
   210.250122       8.02023888      -5632.66797      -3411.43555    
   210.375931       7.82613897      -5632.66797      -3443.89868    
   210.501083       7.63224936      -5632.66797      -3476.36157    
   210.625580       7.43857050      -5632.66797      -3508.82471    
   210.749435       7.24510860      -5632.66797      -3541.28760    
   210.872650       7.05186510      -5632.66797      -3573.75049    
   210.995224       6.85884142      -5632.66797      -3606.21362    
   211.117157       6.66604424      -5632.66797      -3638.67651    
   211.238464       6.47347307      -5632.66797      -3671.13965    
   211.359131       6.28113413      -5632.66797      -3703.60254    
   211.479187       6.08902693      -5632.66797      -3736.06567    
   211.598633       5.89715767      -5632.66797      -3768.52856    
   211.717453       5.70552635      -5632.66797      -3800.99170    
   211.835663       5.51413822      -5632.66797      -3833.45459    
   211.953262       5.32299328      -5632.66797      -3865.91772    
   212.070267       5.13209724      -5632.66797      -3898.38062    
   212.186676       4.94145155      -5632.66797      -3930.84351    
   212.302490       4.75105715      -5632.66797      -3963.30664    
   212.417725       4.56091928      -5632.66797      -3995.76953    
   212.532349       4.37103796      -5632.66797      -4028.23267    
   212.646408       4.18141890      -5632.66797      -4060.69556    
   212.759888       3.99206090      -5632.66797      -4093.15869    
   212.872787       3.80296993      -5632.66797      -4125.62158    
   212.985123       3.61414671      -5632.66797      -4158.08447    
   213.096893       3.42559075      -5632.66797      -4190.54785    
   213.208099       3.23731041      -5632.66797      -4223.01074    
   213.318741       3.04930472      -5632.66797      -4255.47363    
   213.428833       2.86157632      -5632.66797      -4287.93652    
   213.538376       2.67412710      -5632.66797      -4320.39941    
   213.647369       2.48695660      -5632.66797      -4352.86279    
   213.755814       2.30007267      -5632.66797      -4385.32568    
   213.863724       2.11347461      -5632.66797      -4417.78857    
   213.971085       1.92716444      -5632.66797      -4450.25146    
   214.077927       1.74114144      -5632.66797      -4482.71484    
   214.184235       1.55541337      -5632.66797      -4515.17773    
   214.290009       1.36997926      -5632.66797      -4547.64062    
   214.395264       1.18484116      -5632.66797      -4580.10352    
   214.500000       1.00000107      -5632.66797      -4612.56641    
